55.61
51.42
51.16
51.38
48.33
48.97
49.32
47.49
47.75
47.17
47.69
47.19
46.63
48.90
47.99
46.38
47.72
48.94
46.35
47.70
47.72
47.66
48.05
45.87
47.22
45.45
45.46
47.45
45.47
47.31
45.92
45.96
48.70
46.24
47.11
45.66
46.59
48.70
44.15
45.33
44.72
45.41
44.63
44.84
44.25
44.31
44.53
47.03
44.69
44.89
45.83
44.81
45.70
44.03
44.91
44.26
43.78
43.92
47.07
44.90
44.48
45.26
43.73
45.23
44.07
44.81
43.91
45.67
43.23
43.98
44.28
43.64
45.48
42.75
45.22
43.69
45.28
45.26
42.73
46.40
44.11
43.67
44.02
44.38
43.12
44.33
43.42
43.82
44.38
43.87
43.74
43.19
43.26
42.59
43.91
43.25
44.25
43.45
43.76
44.41

