54.69
52.50
51.04
49.83
49.19
49.18
46.95
50.55
46.63
46.62
47.62
46.10
46.61
47.14
47.15
45.75
46.29
48.46
47.45
49.05
45.70
48.18
46.82
44.49
46.23
45.19
45.87
50.31
46.14
45.72
45.36
46.42
45.23
46.10
44.01
48.35
46.37
45.22
44.91
44.76
44.51
45.07
44.05
43.29
47.20
43.25
44.20
45.99
44.72
44.76
44.00
45.27
43.31
44.27
43.68
43.68
42.83
43.75
44.75
42.99
43.79
43.18
43.73
43.60
42.92
43.95
44.13
45.74
43.52
43.48
43.06
43.44
43.75
44.43
42.95
44.26
44.00
42.49
43.33
43.30
43.32
43.66
43.06
42.80
42.89
42.70
43.41
43.79
43.97
43.54
43.12
44.75
43.41
43.30
43.94
43.71
43.65
43.24
43.26
43.01