70.81
68.17
63.20
64.73
63.92
61.21
63.53
68.74
63.91
62.89
66.06
58.64
62.68
63.07
66.25
62.27
62.77
60.57
58.89
59.13
60.22
55.56
54.00
59.11
67.01
61.37
53.27
59.93
55.04
57.79
58.20
55.66
55.90
55.90
57.44
53.40
56.58
54.99
53.93
54.36
58.93
54.19
53.96
55.26
55.13
52.64
56.50
52.19
52.75
51.80
53.78
53.87
53.23
52.30
51.17
51.92
53.02
52.64
51.45
51.54
50.65
49.94
50.70
50.91
50.04
50.04
50.54
51.22
50.81
51.72
50.26
50.34
50.45
49.78
49.57
50.66
50.37
50.16
49.07
49.66
49.37
48.75
49.68
49.58
49.08
49.94
49.23
49.52
49.56
48.87
49.99
49.61
49.01
49.46
48.66
49.41
49.88
49.33
49.19
48.79