50.46
47.62
49.37
46.84
46.66
46.41
45.68
46.38
46.14
45.31
45.02
45.40
43.84
48.17
44.14
45.28
46.34
45.28
45.76
44.41
46.25
44.93
44.26
45.99
44.30
43.30
43.78
44.71
45.61
42.73
45.15
43.25
46.77
44.08
44.17
43.71
42.87
43.49
43.98
42.84
43.85
42.62
43.16
43.18
43.55
43.61
42.18
43.06
43.87
43.51
44.55
44.71
43.16
43.81
43.84
43.02
43.45
43.01
42.69
43.92
43.74
43.36
43.51
43.60
42.68
43.59
42.86
43.48
43.29
43.20
43.40
43.08
42.80
43.07
43.17
43.10
43.35
43.34
43.87
43.51
42.97
42.97
44.71
43.16
43.81
43.84
43.02
43.45
43.01
42.69
43.92
43.74
43.36
43.51
43.60
42.68
43.59
42.86
43.48
43.29