51.42
49.32
50.65
46.67
46.87
46.17
46.47
47.63
45.71
45.24
48.81
44.60
45.51
45.88
46.72
45.01
47.53
45.84
44.31
46.36
45.58
46.46
46.98
45.31
46.33
45.40
49.06
44.02
44.53
43.99
44.12
42.56
44.90
44.77
43.23
44.85
45.40
44.72
42.16
43.03
43.86
44.55
44.30
44.54
44.79
43.24
43.42
42.83
42.75
42.67
44.32
43.35
43.50
42.96
43.47
43.27
43.29
43.62
42.81
42.84
43.81
44.16
42.96
43.14
43.06
44.99
42.72
42.46
44.01
43.66
43.39
42.59
43.57
43.32
43.13
42.90
42.99
43.10
43.71
42.40
42.75
43.49
43.62
43.16
42.50
42.83
42.93
42.92
43.41
42.93
42.78
42.74
42.79
43.24
43.12
42.93
42.98
43.42
43.66
43.48
