53.10
50.33
46.89
48.86
46.99
48.41
46.66
46.95
49.37
47.09
47.32
47.08
46.02
47.03
47.88
46.61
46.21
45.82
45.47
47.06
46.49
44.32
44.55
44.09
47.63
46.76
44.48
43.43
43.73
44.76
47.35
46.48
45.03
43.01
43.63
43.44
44.95
44.22
43.12
45.37
45.25
44.91
43.70
44.24
43.59
43.88
43.26
43.01
43.62
42.85
43.86
44.00
43.67
42.47
44.01
45.13
43.09
43.62
43.78
43.73
44.03
43.88
43.04
43.24
42.57
44.02
43.12
43.63
43.22
43.69
43.61
43.80
42.95
43.31
43.27
43.33
42.81
43.45
43.12
43.12
42.91
42.94
43.49
42.58
43.86
43.12
43.03
42.80
42.58
42.58
43.03
42.81
43.51
43.34
42.96
43.11
43.14
43.12
42.90
43.05