51.94
51.77
49.62
50.30
49.52
49.07
48.22
48.42
45.74
47.89
50.47
47.48
44.97
47.10
51.61
46.64
45.77
45.82
47.46
46.72
45.59
45.28
46.51
45.47
44.97
44.84
44.08
44.02
47.23
47.82
44.37
44.91
43.71
44.02
45.50
43.39
44.38
45.27
43.86
45.06
43.83
44.50
43.19
45.30
44.53
43.29
44.77
44.50
43.47
43.67
43.94
43.76
44.76
43.67
43.54
43.11
43.39
44.44
44.14
43.30
43.08
43.35
42.88
43.36
42.33
43.67
43.68
43.65
43.72
42.91
43.02
43.31
43.79
43.55
42.69
42.92
43.67
43.35
43.50
43.22
44.00
43.27
43.60
42.83
43.27
43.53
42.77
42.91
43.40
43.01
43.42
43.47
42.68
43.30
43.47
43.34
43.24
43.23
43.35
42.94