54.04
49.17
48.20
47.29
47.85
45.72
45.63
48.36
48.17
44.96
44.76
46.73
44.29
44.57
45.59
44.86
44.17
44.59
43.83
44.56
43.95
45.77
44.15
43.80
45.72
44.37
45.89
45.91
43.98
44.60
43.37
43.28
45.45
44.53
43.81
43.42
44.35
43.20
42.46
44.10
42.69
43.12
43.17
43.79
42.92
43.63
43.58
43.31
42.62
43.36
43.74
43.27
42.75
42.91
43.33
43.32
43.21
43.07
42.93
43.25
42.69
43.50
42.75
42.66
42.97
42.53
42.82
43.21
42.56
43.64
43.38
42.60
42.76
42.67
42.90
42.66
42.80
43.50
43.33
42.87
42.79
43.45
43.24
42.99
42.83
42.34
43.14
42.74
43.03
43.32
43.09
42.90
43.26
42.85
43.12
43.18
42.91
43.54
42.95
43.19
