54.10
52.70
51.32
50.54
48.91
52.89
47.83
46.89
51.33
47.76
45.81
45.26
46.27
48.63
47.06
50.40
46.61
45.95
46.90
45.78
50.58
44.79
48.80
45.98
45.17
45.12
45.66
45.70
45.94
44.36
44.94
44.66
46.15
45.17
45.56
45.88
46.49
44.83
43.96
44.11
46.57
45.02
46.57
45.39
45.51
45.05
44.39
43.80
44.62
43.79
44.91
44.82
43.72
44.09
43.58
45.38
44.53
45.06
44.55
44.35
45.47
44.11
43.82
43.66
43.60
43.21
45.13
43.31
43.62
44.38
44.19
43.30
44.93
44.50
43.51
43.49
44.93
44.33
44.17
44.21
45.08
43.58
44.36
43.15
44.00
44.55
43.19
43.40
43.30
43.01
43.84
44.62
43.33
44.26
43.82
43.43
43.16
43.94
43.69
42.70
