56.83
53.46
49.58
49.41
48.63
49.61
47.75
47.96
53.15
47.85
47.46
47.13
48.50
46.95
47.05
47.36
46.96
47.62
45.12
47.72
46.67
47.50
47.90
45.90
46.44
45.80
49.10
47.18
47.33
45.38
45.18
45.82
47.90
46.48
47.08
46.83
46.36
44.43
45.33
49.28
45.08
45.98
44.37
46.75
46.50
45.25
44.08
46.93
45.47
44.90
47.78
44.21
45.83
45.33
44.93
44.38
44.75
45.15
43.63
45.94
43.96
44.24
45.93
43.11
45.95
45.97
45.08
44.23
44.03
44.78
43.63
44.00
44.25
45.59
44.00
44.62
45.36
44.36
44.47
45.23
43.44
44.68
44.41
43.83
45.06
44.88
44.23
43.32
43.45
43.74
43.74
44.64
44.27
45.05
43.48
43.25
42.95
43.21
43.67
44.13
