56.46
51.68
50.03
49.04
51.89
50.73
48.40
46.27
51.29
46.84
45.80
48.06
46.49
47.38
48.11
46.84
46.68
45.77
47.59
45.82
46.42
45.43
45.65
48.09
47.23
49.84
47.79
46.40
45.96
46.17
44.54
46.69
46.59
46.66
48.19
45.38
45.61
45.51
46.51
46.03
44.65
44.50
45.48
45.67
47.31
45.84
45.30
44.91
45.92
44.15
46.68
45.60
47.07
44.15
45.35
45.41
44.98
44.85
45.50
45.42
45.13
44.76
46.18
45.70
44.18
44.10
47.55
44.92
45.57
44.68
46.28
45.17
45.25
44.15
44.58
45.49
44.18
45.95
44.74
45.71
45.65
42.74
43.96
44.59
45.30
44.72
44.46
42.97
43.51
44.45
46.67
46.00
44.18
43.85
44.64
43.76
44.59
43.75
43.19
43.79