55.88
51.15
50.50
49.05
48.28
49.39
50.79
47.66
48.48
46.17
47.93
46.91
46.33
45.35
47.08
45.87
45.08
45.31
48.37
45.90
44.72
46.49
46.45
44.98
45.23
46.36
46.62
47.25
45.16
47.66
45.30
45.43
46.37
46.43
45.67
45.44
45.54
45.26
45.37
45.63
44.90
44.62
45.44
45.47
44.23
44.87
45.13
44.85
45.22
44.00
43.82
44.85
46.11
44.15
47.49
43.51
44.53
45.41
45.86
44.83
43.99
44.80
44.58
43.74
45.19
45.40
43.12
45.46
43.80
44.40
44.23
44.61
44.34
44.28
45.20
43.18
43.77
44.66
43.78
44.60
44.56
44.13
43.86
43.43
42.84
43.61
43.49
43.64
44.27
42.91
43.96
44.26
43.72
43.69
42.69
43.24
43.40
43.61
43.15
43.42
