57.65
53.32
50.84
49.61
49.28
48.35
47.78
47.23
46.22
47.01
47.54
47.74
47.85
46.29
46.26
46.34
48.10
46.58
46.35
46.55
48.98
46.52
46.07
49.64
45.61
45.09
45.76
49.92
45.17
46.12
46.63
46.07
45.95
46.77
45.46
44.75
45.68
44.80
44.23
44.02
45.36
43.88
50.67
44.74
45.44
45.74
43.35
45.81
43.99
44.71
45.75
45.05
44.76
44.63
44.98
44.72
46.83
44.19
45.72
44.17
43.53
44.14
44.19
43.32
44.29
45.86
44.20
43.45
44.65
43.29
44.08
44.51
43.07
42.99
44.51
43.78
44.56
43.64
42.90
44.18
44.92
43.28
46.29
44.32
43.70
42.24
46.00
44.57
44.46
44.00
43.38
43.29
43.59
44.62
44.27
43.39
43.56
43.55
44.54
42.51