51.85
48.49
47.59
45.83
46.79
46.55
46.86
46.08
46.15
46.25
44.33
50.18
44.94
46.64
45.03
48.42
45.24
46.35
43.91
47.32
45.25
46.12
44.82
45.12
43.81
44.74
46.28
45.00
46.72
50.34
43.67
44.68
43.99
43.34
44.55
43.71
43.95
43.80
44.66
43.64
44.37
46.08
44.10
43.61
44.62
43.39
44.27
43.69
43.88
44.08
44.30
43.66
44.27
44.16
43.88
44.14
42.91
44.19
44.32
43.16
43.60
44.34
43.69
43.99
43.69
43.86
43.39
43.45
43.47
43.37
43.79
44.01
43.59
44.08
44.47
44.02
43.80
42.75
44.20
43.44
43.68
42.74
43.17
44.13
43.49
43.11
43.39
43.60
44.06
43.56
43.70
43.76
43.10
43.45
43.80
43.39
43.59
43.75
44.10
43.44
