52.19
48.74
48.42
46.65
47.93
45.35
46.45
44.84
45.70
47.01
45.29
45.71
44.19
47.07
45.67
45.41
46.08
44.82
45.02
44.76
46.63
43.75
44.58
46.04
43.82
44.23
44.64
43.03
43.55
44.32
44.64
43.45
43.65
44.30
42.48
42.60
43.68
42.20
43.36
43.93
42.75
44.50
43.01
43.38
44.61
43.03
43.15
42.79
42.55
43.08
43.10
43.58
42.92
42.54
43.02
42.86
42.99
43.41
42.95
42.47
43.42
43.32
44.17
43.88
43.29
44.84
43.25
42.82
43.89
43.08
42.62
42.89
42.89
43.31
43.39
43.74
43.39
43.62
43.00
43.01
42.81
43.19
43.31
43.46
42.91
43.10
43.43
43.27
42.86
43.37
43.16
43.19
43.48
43.28
43.91
43.32
43.06
43.39
43.61
43.59
